Year	Month	Day	Pandoh_inflow_cfs
2013	6	15	17624
2013	6	16	21083
2013	6	17	15356
2013	6	18	10246
2013	6	19	10826
2013	6	20	9781
2013	6	21	9563
2013	6	22	10438
2013	6	23	12424
2013	6	24	14131
2013	6	25	17778
2013	6	26	19665
2013	6	27	21716
2013	6	28	20542
2013	6	29	19273
2013	6	30	18261
2013	7	1	17675
2013	7	2	17911
2013	7	3	17161
2013	7	4	19605
2013	7	5	19425
2013	7	6	21924
2013	7	7	30473
2013	7	8	22362
2013	7	9	30068
2013	7	10	21831
2013	7	11	18428
2013	7	12	16439
2013	7	13	17266
2013	7	14	17690
2013	7	15	18754
2013	7	16	19245
2013	7	17	18941
2013	7	18	18280
2013	7	19	19810
2013	7	20	21962
2013	7	21	24108
2013	7	22	20020
2013	7	23	20126
2013	7	24	22469
2013	7	25	27496
2013	7	26	23621
2013	7	27	20207
2013	7	28	22115
2013	7	29	21834
2013	7	30	22765
2013	7	31	21718
2013	8	1	20967
2013	8	2	23206
2013	8	3	22341
2013	8	4	23197
2013	8	5	22541
2013	8	6	28976
2013	8	7	28193
2013	8	8	26139
2013	8	9	25314
2013	8	10	21551
2013	8	11	21606
2013	8	12	21537
2013	8	13	21199
2013	8	14	24485
2013	8	15	24371
2013	8	16	27572
2013	8	17	26112
2013	8	18	26937
2013	8	19	23718
2013	8	20	24348
2013	8	21	27713
2013	8	22	27626
2013	8	23	24363
2013	8	24	21594
2013	8	25	20146
2013	8	26	19632
2013	8	27	18267
2013	8	28	18215
2013	8	29	16669
2013	8	30	16388
2013	8	31	20514
2013	9	1	20891
2013	9	2	18375
2013	9	3	15389
2013	9	4	14415
2013	9	5	12117
2013	9	6	11649
2013	9	7	10531
2013	9	8	10604
2013	9	9	13127
2013	9	10	10604
2013	9	11	10405
2013	9	12	10764
2013	9	13	12438
2013	9	14	11047
2013	9	15	9121
2013	9	16	8439
2013	9	17	7672
2013	9	18	6945
2013	9	19	6898
2013	9	20	7055
2013	9	21	7153
2013	9	22	7170
2013	9	23	6713
2013	9	24	6681
2013	9	25	7423
2013	9	26	6857
2013	9	27	6430
2013	9	28	6210
2013	9	29	7943
2013	9	30	6853
2013	10	1	6003
2013	10	2	5902
2013	10	3	5494
2013	10	4	5583
2013	10	5	5513
2013	10	6	5575
2013	10	7	5678
2013	10	8	5952
2013	10	9	6206
2013	10	10	6387
2013	10	11	6535
2013	10	12	6092
2013	10	13	5587
2013	10	14	4662
2013	10	15	4219
2013	10	16	4128
2013	10	17	3934
2013	10	18	3747
2013	10	19	3623
2013	10	20	3591
2013	10	21	3508
2013	10	22	3238
2013	10	23	3416
2013	10	24	3228
2013	10	25	3303
2013	10	26	3172
2013	10	27	3180
2013	10	28	3122
2013	10	29	3117
2013	10	30	3122
2013	10	31	2966
2013	11	1	2984
2013	11	2	2908
2013	11	3	2655
2013	11	4	2707
2013	11	5	2726
2013	11	6	2916
2013	11	7	2839
2013	11	8	2847
2013	11	9	3057
2013	11	10	2936
2013	11	11	2641
2013	11	12	2752
2013	11	13	2683
2013	11	14	2585
2013	11	15	2247
2013	11	16	2549
2013	11	17	2586
2013	11	18	2706
2013	11	19	2245
2013	11	20	2303
2013	11	21	2412
2013	11	22	2281
2013	11	23	2127
2013	11	24	2458
2013	11	25	2296
2013	11	26	2334
2013	11	27	2495
2013	11	28	2113
2013	11	29	2225
2013	11	30	2253
2013	12	1	1972
2013	12	2	2428
2013	12	3	2072
2013	12	4	2128
2013	12	5	2101
2013	12	6	1956
2013	12	7	2176
2013	12	8	1921
2013	12	9	2079
2013	12	10	1982
2013	12	11	2045
2013	12	12	2055
2013	12	13	1852
2013	12	14	1912
2013	12	15	2007
2013	12	16	1914
2013	12	17	1978
2013	12	18	1969
2013	12	19	1870
2013	12	20	1993
2013	12	21	1944
2013	12	22	1984
2013	12	23	1928
2013	12	24	2023
2013	12	25	1856
2013	12	26	1901
2013	12	27	1890
2013	12	28	1989
2013	12	29	1766
2013	12	30	1869
2013	12	31	1760
2014	1	1	1897
2014	1	2	1978
2014	1	3	1789
2014	1	4	1738
2014	1	5	2010
2014	1	6	1638
2014	1	7	1996
2014	1	8	1823
2014	1	9	1512
2014	1	10	1746
2014	1	11	1663
2014	1	12	1788
2014	1	13	1705
2014	1	14	1621
2014	1	15	1742
2014	1	16	1770
2014	1	17	1772
2014	1	18	1545
2014	1	19	1603
2014	1	20	1415
2014	1	21	1527
2014	1	22	1523
2014	1	23	1449
2014	1	24	1875
2014	1	25	1702
2014	1	26	1461
2014	1	27	1494
2014	1	28	1420
2014	1	29	1545
2014	1	30	1721
2014	1	31	1645
2014	2	1	1603
2014	2	2	1535
2014	2	3	1590
2014	2	4	1676
2014	2	5	1760
2014	2	6	1741
2014	2	7	1781
2014	2	8	2356
2014	2	9	1926
2014	2	10	2031
2014	2	11	1958
2014	2	12	1834
2014	2	13	1774
2014	2	14	1776
2014	2	15	2269
2014	2	16	2216
2014	2	17	1879
2014	2	18	2240
2014	2	19	1862
2014	2	20	2184
2014	2	21	2059
2014	2	22	1957
2014	2	23	2125
2014	2	24	1916
2014	2	25	1977
2014	2	26	2025
2014	2	27	2146
2014	2	28	2174
2014	3	1	1847
2014	3	2	2097
2014	3	3	2310
2014	3	4	2067
2014	3	5	2029
2014	3	6	2104
2014	3	7	2118
2014	3	8	2126
2014	3	9	2091
2014	3	10	2151
2014	3	11	2180
2014	3	12	2786
2014	3	13	2521
2014	3	14	1698
2014	3	15	2396
2014	3	16	2621
2014	3	17	2954
2014	3	18	3618
2014	3	19	6440
2014	3	20	3988
2014	3	21	3341
2014	3	22	3623
2014	3	23	3062
2014	3	24	1849
2014	3	25	4047
2014	3	26	4816
2014	3	27	4127
2014	3	28	4317
2014	3	29	5869
2014	3	30	5477
2014	3	31	4188
2014	4	1	4143
2014	4	2	4455
2014	4	3	4556
2014	4	4	4262
2014	4	5	4070
2014	4	6	4283
2014	4	7	4722
2014	4	8	5656
2014	4	9	5531
2014	4	10	5084
2014	4	11	4335
2014	4	12	4629
2014	4	13	4561
2014	4	14	4459
2014	4	15	3994
2014	4	16	3875
2014	4	17	4417
2014	4	18	4015
2014	4	19	3600
2014	4	20	5410
2014	4	21	4626
2014	4	22	4501
2014	4	23	4563
2014	4	24	4716
2014	4	25	5224
2014	4	26	5599
2014	4	27	5324
2014	4	28	5627
2014	4	29	6294
2014	4	30	7403
2014	5	1	8377
2014	5	2	8610
2014	5	3	8230
2014	5	4	8190
2014	5	5	8946
2014	5	6	8999
2014	5	7	8830
2014	5	8	8183
2014	5	9	8937
2014	5	10	9924
2014	5	11	8374
2014	5	12	8569
2014	5	13	8343
2014	5	14	9910
2014	5	15	7906
2014	5	16	6782
2014	5	17	6100
2014	5	18	6393
2014	5	19	5858
2014	5	20	6461
2014	5	21	7043
2014	5	22	7302
2014	5	23	6519
2014	5	24	8044
2014	5	25	8163
2014	5	26	7004
2014	5	27	7142
2014	5	28	7290
2014	5	29	8044
2014	5	30	9399
2014	5	31	11035
2014	6	1	9101
2014	6	2	8925
2014	6	3	8033
2014	6	4	8346
2014	6	5	9869
2014	6	6	12150
2014	6	7	14400
2014	6	8	14231
2014	6	9	14509
2014	6	10	13008
2014	6	11	13341
2014	6	12	12639
2014	6	13	11240
2014	6	14	12525
2014	6	15	13496
2014	6	16	17226
2014	6	17	18985
2014	6	18	21047
2014	6	19	22197
2014	6	20	19930
2014	6	21	21413
2014	6	22	21666
2014	6	23	16778
2014	6	24	13290
2014	6	25	11528
2014	6	26	11529
2014	6	27	11530
2014	6	28	11531
2014	6	29	11532
2014	6	30	11533
2014	7	1	17198
2014	7	2	18829
2014	7	3	21182
2014	7	4	19506
2014	7	5	17670
2014	7	6	17048
2014	7	7	19036
2014	7	8	18754
2014	7	9	19792
2014	7	10	19351
2014	7	11	20481
2014	7	12	20492
2014	7	13	22017
2014	7	14	22998
2014	7	15	21856
2014	7	16	21922
2014	7	17	31842
2014	7	18	24211
2014	7	19	23726
2014	7	20	34223
2014	7	21	24003
2014	7	22	22773
2014	7	23	18860
2014	7	24	20085
2014	7	25	24692
2014	7	26	26547
2014	7	27	29399
2014	7	28	35818
2014	7	29	30791
2014	7	30	34439
2014	7	31	28994
2014	8	1	30239
2014	8	2	27130
2014	8	3	24056
2014	8	4	23307
2014	8	5	22102
2014	8	6	22801
2014	8	7	20864
2014	8	8	19676
2014	8	9	24422
2014	8	10	21111
2014	8	11	20075
2014	8	12	18789
2014	8	13	18411
2014	8	14	19714
2014	8	15	24554
2014	8	16	30257
2014	8	17	27430
2014	8	18	18545
2014	8	19	16151
2014	8	20	16790
2014	8	21	15846
2014	8	22	14884
2014	8	23	14161
2014	8	24	13242
2014	8	25	12331
2014	8	26	11402
2014	8	27	11249
2014	8	28	11425
2014	8	29	10875
2014	8	30	8612
2014	8	31	7940
2014	9	1	7780
2014	9	2	8479
2014	9	3	8752
2014	9	4	10805
2014	9	5	10274
2014	9	6	15126
2014	9	7	20282
2014	9	8	13552
2014	9	9	12053
2014	9	10	12836
2014	9	11	9870
2014	9	12	9079
2014	9	13	9426
2014	9	14	9041
2014	9	15	8090
2014	9	16	6917
2014	9	17	7129
2014	9	18	6901
2014	9	19	7507
2014	9	20	7433
2014	9	21	7434
2014	9	22	6784
2014	9	23	7089
2014	9	24	5938
2014	9	25	6336
2014	9	26	5636
2014	9	27	5329
2014	9	28	4984
2014	9	29	5084
2014	9	30	5625
2014	10	1	4975
2014	10	2	4847
2014	10	3	5084
2014	10	4	5186
2014	10	5	5552
2014	10	6	5166
2014	10	7	5311
2014	10	8	4797
2014	10	9	4628
2014	10	10	4188
2014	10	11	3560
2014	10	12	3403
2014	10	13	3320
2014	10	14	3213
2014	10	15	3391
2014	10	16	3409
2014	10	17	2985
2014	10	18	3000
2014	10	19	3353
2014	10	20	2754
2014	10	21	2814
2014	10	22	2834
2014	10	23	3039
2014	10	24	2840
2014	10	25	2600
2014	10	26	2881
2014	10	27	2846
2014	10	28	2922
2014	10	29	2652
2014	10	30	2723
2014	10	31	2664
2014	11	1	2303
2014	11	2	2421
2014	11	3	2644
2014	11	4	2482
2014	11	5	2441
2014	11	6	2386
2014	11	7	2326
2014	11	8	2666
2014	11	9	2234
2014	11	10	2198
2014	11	11	2369
2014	11	12	2181
2014	11	13	2108
2014	11	14	2122
2014	11	15	2171
2014	11	16	2171
2014	11	17	2171
2014	11	18	2057
2014	11	19	2089
2014	11	20	2447
2014	11	21	2276
2014	11	22	1913
2014	11	23	2033
2014	11	24	2020
2014	11	25	2036
2014	11	26	1946
2014	11	27	1983
2014	11	28	1945
2014	11	29	1913
2014	11	30	1878
2014	12	1	1865
2014	12	2	2013
2014	12	3	1833
2014	12	4	1729
2014	12	5	1795
2014	12	6	1858
2014	12	7	2007
2014	12	8	1741
2014	12	9	1803
2014	12	10	1818
2014	12	11	1930
2014	12	12	1772
2014	12	13	1789
2014	12	14	1929
2014	12	15	2421
2014	12	16	2048
2014	12	17	1705
2014	12	18	1971
2014	12	19	1960
2014	12	20	2016
2014	12	21	1987
2014	12	22	1779
2014	12	23	1921
2014	12	24	1757
2014	12	25	2136
2014	12	26	1763
2014	12	27	1776
2014	12	28	1656
2014	12	29	1779
2014	12	30	1746
2014	12	31	1754
2015	1	1	1568
2015	1	2	1650
2015	1	3	1722
2015	1	4	1921
2015	1	5	1976
2015	1	6	1733
2015	1	7	1751
2015	1	8	1821
2015	1	9	1614
2015	1	10	1934
2015	1	11	1671
2015	1	12	1658
2015	1	13	1668
2015	1	14	1722
2015	1	15	2010
2015	1	16	1804
2015	1	17	1860
2015	1	18	1663
2015	1	19	1709
2015	1	20	1597
2015	1	21	1715
2015	1	22	1664
2015	1	23	1914
2015	1	24	2217
2015	1	25	1943
2015	1	26	1797
2015	1	27	1534
2015	1	28	1925
2015	1	29	2061
2015	1	30	1324
2015	1	31	1482
2015	2	1	1484
2015	2	2	1214
2015	2	3	1895
2015	2	4	2359
2015	2	5	1811
2015	2	6	1881
2015	2	7	2043
2015	2	8	1560
2015	2	9	1744
2015	2	10	1701
2015	2	11	1639
2015	2	12	1787
2015	2	13	1645
2015	2	14	1778
2015	2	15	1815
2015	2	16	1899
2015	2	17	2317
2015	2	18	2674
2015	2	19	2461
2015	2	20	2992
2015	2	21	6063
2015	2	22	4858
2015	2	23	3934
2015	2	24	4082
2015	2	25	3970
2015	2	26	8394
2015	2	27	6478
2015	2	28	3952
2015	3	1	3484
2015	3	2	3484
2015	3	3	8626
2015	3	4	5510
2015	3	5	4381
2015	3	6	3995
2015	3	7	3599
2015	3	8	3470
2015	3	9	3530
2015	3	10	3981
2015	3	11	3645
2015	3	12	3727
2015	3	13	3871
2015	3	14	3278
2015	3	15	3263
2015	3	16	3696
2015	3	17	3977
2015	3	18	3793
2015	3	19	3539
2015	3	20	3509
2015	3	21	3584
2015	3	22	3779
2015	3	23	4215
2015	3	24	4958
2015	3	25	5638
2015	3	26	6149
2015	3	27	6659
2015	3	28	6403
2015	3	29	6481
2015	3	30	8124
2015	3	31	9347
2015	4	1	7263
2015	4	2	6090
2015	4	3	7191
2015	4	4	10266
2015	4	5	9180
2015	4	6	7331
2015	4	7	5937
2015	4	8	5665
2015	4	9	5984
2015	4	10	5630
2015	4	11	5921
2015	4	12	6113
2015	4	13	5893
2015	4	14	6056
2015	4	15	7021
2015	4	16	7554
2015	4	17	8186
2015	4	18	7263
2015	4	19	6831
2015	4	20	7535
2015	4	21	8590
2015	4	22	10675
2015	4	23	9824
2015	4	24	9882
2015	4	25	10406
2015	4	26	10622
2015	4	27	10435
2015	4	28	11951
2015	4	29	11477
2015	4	30	9584
2015	5	1	9746
2015	5	2	8416
2015	5	3	8035
2015	5	4	7896
2015	5	5	8154
2015	5	6	9579
2015	5	7	11316
2015	5	8	12719
2015	5	9	13876
2015	5	10	13720
2015	5	11	12904
2015	5	12	13088
2015	5	13	12504
2015	5	14	11622
2015	5	15	11283
2015	5	16	9383
2015	5	17	9343
2015	5	18	11334
2015	5	19	12560
2015	5	20	12778
2015	5	21	12574
2015	5	22	11612
2015	5	23	12415
2015	5	24	12196
2015	5	25	11662
2015	5	26	11276
2015	5	27	9904
2015	5	28	8979
2015	5	29	9013
2015	5	30	10781
2015	5	31	10502
2015	6	1	9079
2015	6	2	8115
2015	6	3	6884
2015	6	4	6559
2015	6	5	6487
2015	6	6	7499
2015	6	7	7549
2015	6	8	8384
2015	6	9	9712
2015	6	10	9909
2015	6	11	11282
2015	6	12	12121
2015	6	13	9909
2015	6	14	9732
2015	6	15	9873
2015	6	16	8737
2015	6	17	8165
2015	6	18	9389
2015	6	19	12761
2015	6	20	17181
2015	6	21	18393
2015	6	22	19185
2015	6	23	16373
2015	6	24	15596
2015	6	25	17527
2015	6	26	19848
2015	6	27	13513
2015	6	28	12365
2015	6	29	13444
2015	6	30	14741
2015	7	1	12581
2015	7	2	14601
2015	7	3	14057
2015	7	4	16011
2015	7	5	18801
2015	7	6	24137
2015	7	7	25408
2015	7	8	20971
2015	7	9	23945
2015	7	10	27772
2015	7	11	36389
2015	7	12	30641
2015	7	13	31168
2015	7	14	29500
2015	7	15	26975
2015	7	16	27945
2015	7	17	30821
2015	7	18	31129
2015	7	19	24007
2015	7	20	27789
2015	7	21	27719
2015	7	22	28722
2015	7	23	28627
2015	7	24	32389
2015	7	25	32222
2015	7	26	28753
2015	7	27	36138
2015	7	28	28847
2015	7	29	24743
2015	7	30	24513
2015	7	31	23719
2015	8	1	22998
2015	8	2	27528
2015	8	3	24435
2015	8	4	26948
2015	8	5	25211
2015	8	6	24796
2015	8	7	24182
2015	8	8	23565
2015	8	9	29983
2015	8	10	26696
2015	8	11	36915
2015	8	12	29216
2015	8	13	33461
2015	8	14	28679
2015	8	15	31066
2015	8	16	28184
2015	8	17	26415
2015	8	18	22198
2015	8	19	20727
2015	8	20	20127
2015	8	21	19527
2015	8	22	18514
2015	8	23	15439
2015	8	24	13599
2015	8	25	13447
2015	8	26	12970
2015	8	27	12532
2015	8	28	13630
2015	8	29	14415
2015	8	30	13235
2015	8	31	13539
2015	9	1	11693
2015	9	2	11720
2015	9	3	10736
2015	9	4	10335
2015	9	5	10027
2015	9	6	9820
2015	9	7	9430
2015	9	8	8477
2015	9	9	8157
2015	9	10	8140
2015	9	11	8501
2015	9	12	8556
2015	9	13	9059
2015	9	14	8936
2015	9	15	9156
2015	9	16	8886
2015	9	17	8323
2015	9	18	7067
2015	9	19	6543
2015	9	20	6677
2015	9	21	8242
2015	9	22	6535
2015	9	23	9822
2015	9	24	13964
2015	9	25	8437
2015	9	26	7114
2015	9	27	6321
2015	9	28	6143
2015	9	29	5314
2015	9	30	4982
2015	10	1	4762
2015	10	2	4248
2015	10	3	4361
2015	10	4	4677
2015	10	5	4222
2015	10	6	4160
2015	10	7	4113
2015	10	8	3708
2015	10	9	3877
2015	10	10	3957
2015	10	11	3902
2015	10	12	3883
2015	10	13	4083
2015	10	14	3793
2015	10	15	4492
2015	10	16	3357
2015	10	17	3687
2015	10	18	3606
2015	10	19	3446
2015	10	20	3718
2015	10	21	3406
2015	10	22	3201
2015	10	23	3283
2015	10	24	3131
2015	10	25	3281
2015	10	26	3068
2015	10	27	3188
2015	10	28	2917
2015	10	29	2845
2015	10	30	2907
2015	10	31	2805
2015	11	1	2855
2015	11	2	2731
2015	11	3	2885
2015	11	4	3134
2015	11	5	2640
2015	11	6	2642
2015	11	7	2448
2015	11	8	2833
2015	11	9	2753
2015	11	10	2822
2015	11	11	2644
2015	11	12	2603
2015	11	13	3135
2015	11	14	2373
2015	11	15	2684
2015	11	16	2219
2015	11	17	2707
2015	11	18	2140
2015	11	19	2205
2015	11	20	2464
2015	11	21	2397
2015	11	22	2207
2015	11	23	2277
2015	11	24	2271
2015	11	25	2212
2015	11	26	2381
2015	11	27	2316
2015	11	28	2381
2015	11	29	2287
2015	11	30	2246
2015	12	1	2074
2015	12	2	2007
2015	12	3	2029
2015	12	4	2080
2015	12	5	2340
2015	12	6	1977
2015	12	7	1977
2015	12	8	2101
2015	12	9	1824
2015	12	10	1961
2015	12	11	2077
2015	12	12	2694
2015	12	13	2221
2015	12	14	2337
2015	12	15	2308
2015	12	16	2301
2015	12	17	2024
2015	12	18	2061
2015	12	19	2028
2015	12	20	2044
2015	12	21	1896
2015	12	22	1967
2015	12	23	1969
2015	12	24	2049
2015	12	25	1929
2015	12	26	1944
2015	12	27	1897
2015	12	28	1920
2015	12	29	1961
2015	12	30	1940
2015	12	31	1810
2016	1	1	1813
2016	1	2	1954
2016	1	3	1814
2016	1	4	1518
2016	1	5	1907
2016	1	6	1930
2016	1	7	1856
2016	1	8	1794
2016	1	9	1983
2016	1	10	1590
2016	1	11	1764
2016	1	12	1741
2016	1	13	1940
2016	1	14	1588
2016	1	15	1820
2016	1	16	1832
2016	1	17	1632
2016	1	18	1657
2016	1	19	1645
2016	1	20	1686
2016	1	21	1589
2016	1	22	1759
2016	1	23	1778
2016	1	24	1604
2016	1	25	1653
2016	1	26	1542
2016	1	27	1731
2016	1	28	1631
2016	1	29	1453
2016	1	30	1657
2016	1	31	1806
2016	2	1	1546
2016	2	2	1538
2016	2	3	1514
2016	2	4	1347
2016	2	5	1477
2016	2	6	1391
2016	2	7	1501
2016	2	8	1762
2016	2	9	1520
2016	2	10	1459
2016	2	11	1338
2016	2	12	1329
2016	2	13	1177
2016	2	14	1399
2016	2	15	1345
2016	2	16	1330
2016	2	17	1373
2016	2	18	1470
2016	2	19	1609
2016	2	20	1685
2016	2	21	3453
2016	2	22	2324
2016	2	23	2097
2016	2	24	1915
2016	2	25	1843
2016	2	26	1805
2016	2	27	1838
2016	2	28	1828
2016	2	29	1742
2016	3	1	1798
2016	3	2	1798
2016	3	3	1642
2016	3	4	1790
2016	3	5	1682
2016	3	6	1984
2016	3	7	1878
2016	3	8	2044
2016	3	9	2064
2016	3	10	1732
2016	3	11	1804
2016	3	12	2105
2016	3	13	5497
2016	3	14	4403
2016	3	15	3171
2016	3	16	2522
2016	3	17	2413
2016	3	18	2746
2016	3	19	5696
2016	3	20	4154
2016	3	21	3376
2016	3	22	3004
2016	3	23	2852
2016	3	24	2988
2016	3	25	2986
2016	3	26	3246
2016	3	27	3988
2016	3	28	3213
2016	3	29	3100
2016	3	30	3282
2016	3	31	3283
2016	4	1	3268
2016	4	2	3917
2016	4	3	4726
2016	4	4	4733
2016	4	5	4875
2016	4	6	3908
2016	4	7	3879
2016	4	8	3988
2016	4	9	3290
2016	4	10	2988
2016	4	11	2849
2016	4	12	3383
2016	4	13	2788
2016	4	14	3047
2016	4	15	3451
2016	4	16	3577
2016	4	17	4353
2016	4	18	4960
2016	4	19	7790
2016	4	20	4996
2016	4	21	5787
2016	4	22	4980
2016	4	23	5290
2016	4	24	4445
2016	4	25	3483
2016	4	26	3706
2016	4	27	3637
2016	4	28	3669
2016	4	29	4085
2016	4	30	3918
2016	5	1	4787
2016	5	2	6232
2016	5	3	6859
2016	5	4	7211
2016	5	5	4967
2016	5	6	5083
2016	5	7	5383
2016	5	8	3477
2016	5	9	7289
2016	5	10	8909
2016	5	11	8866
2016	5	12	8732
2016	5	13	6799
2016	5	14	6831
2016	5	15	7295
2016	5	16	7337
2016	5	17	6884
2016	5	18	8113
2016	5	19	9728
2016	5	20	10925
2016	5	21	11803
2016	5	22	12556
2016	5	23	13729
2016	5	24	11489
2016	5	25	8984
2016	5	26	6628
2016	5	27	6094
2016	5	28	7199
2016	5	29	7071
2016	5	30	6459
2016	5	31	6221
2016	6	1	6560
2016	6	2	8448
2016	6	3	9244
2016	6	4	9388
2016	6	5	10035
2016	6	6	11465
2016	6	7	10384
2016	6	8	8802
2016	6	9	8835
2016	6	10	9199
2016	6	11	10185
2016	6	12	10595
2016	6	13	11240
2016	6	14	10532
2016	6	15	13118
2016	6	16	16962
2016	6	17	18702
2016	6	18	16659
2016	6	19	16554
2016	6	20	16557
2016	6	21	16268
2016	6	22	15298
2016	6	23	16634
2016	6	24	15877
2016	6	25	15594
2016	6	26	15681
2016	6	27	15929
2016	6	28	16433
2016	6	29	15700
2016	6	30	16312
2016	7	1	18176
2016	7	2	18962
2016	7	3	15273
2016	7	4	18441
2016	7	5	19077
2016	7	6	16807
2016	7	7	15058
2016	7	8	15823
2016	7	9	12436
2016	7	10	14142
2016	7	11	14156
2016	7	12	16900
2016	7	13	19142
2016	7	14	18367
2016	7	15	20603
2016	7	16	20474
2016	7	17	23064
2016	7	18	20282
2016	7	19	17631
2016	7	20	16353
2016	7	21	15789
2016	7	22	15165
2016	7	23	15401
2016	7	24	12990
2016	7	25	11599
2016	7	26	13412
2016	7	27	14855
2016	7	28	23666
2016	7	29	18033
2016	7	30	17547
2016	7	31	17822
2016	8	1	18089
2016	8	2	21199
2016	8	3	36319
2016	8	4	40644
2016	8	5	29965
2016	8	6	25669
2016	8	7	37691
2016	8	8	30788
2016	8	9	35458
2016	8	10	36006
2016	8	11	28367
2016	8	12	33829
2016	8	13	29261
2016	8	14	26432
2016	8	15	23156
2016	8	16	21315
2016	8	17	19606
2016	8	18	17277
2016	8	19	19872
2016	8	20	17107
2016	8	21	16052
2016	8	22	15659
2016	8	23	18041
2016	8	24	19981
2016	8	25	20851
2016	8	26	22660
2016	8	27	19703
2016	8	28	34678
2016	8	29	21299
2016	8	30	17352
2016	8	31	18987
2016	9	1	18522
2016	9	2	18150
2016	9	3	22054
2016	9	4	17123
2016	9	5	14626
2016	9	6	13487
2016	9	7	13153
2016	9	8	11968
2016	9	9	11773
2016	9	10	12108
2016	9	11	11944
2016	9	12	11906
2016	9	13	10908
2016	9	14	10161
2016	9	15	9919
2016	9	16	9490
2016	9	17	9328
2016	9	18	9091
2016	9	19	8744
2016	9	20	8926
2016	9	21	9445
2016	9	22	9387
2016	9	23	8586
2016	9	24	7174
2016	9	25	6251
2016	9	26	5869
2016	9	27	5865
2016	9	28	6089
2016	9	29	6260
2016	9	30	6677
2016	10	1	6495
2016	10	2	7493
2016	10	3	7414
2016	10	4	6739
2016	10	5	6679
2016	10	6	5786
2016	10	7	5447
2016	10	8	4863
2016	10	9	4756
2016	10	10	4425
2016	10	11	3801
2016	10	12	3831
2016	10	13	3630
2016	10	14	3423
2016	10	15	3303
2016	10	16	3615
2016	10	17	3396
2016	10	18	3688
2016	10	19	3319
2016	10	20	3590
2016	10	21	3414
2016	10	22	3394
2016	10	23	3100
2016	10	24	3251
2016	10	25	3358
2016	10	26	3182
2016	10	27	3224
2016	10	28	3006
2016	10	29	2738
2016	10	30	2988
2016	10	31	2736
2016	11	1	2833
2016	11	2	2763
2016	11	3	2650
2016	11	4	2729
2016	11	5	2435
2016	11	6	2711
2016	11	7	2312
2016	11	8	2531
2016	11	9	2383
2016	11	10	2263
2016	11	11	2212
2016	11	12	2390
2016	11	13	2376
2016	11	14	2297
2016	11	15	2199
2016	11	16	2145
2016	11	17	2081
2016	11	18	2240
2016	11	19	2198
2016	11	20	2021
2016	11	21	2201
2016	11	22	2112
2016	11	23	2036
2016	11	24	1972
2016	11	25	1859
2016	11	26	1981
2016	11	27	2291
2016	11	28	1781
2016	11	29	2128
2016	11	30	1747
2016	12	1	2062
2016	12	2	1875
2016	12	3	1983
2016	12	4	1737
2016	12	5	1785
2016	12	6	2012
2016	12	7	1846
2016	12	8	1817
2016	12	9	2055
2016	12	10	1797
2016	12	11	1695
2016	12	12	1862
2016	12	13	1849
2016	12	14	1584
2016	12	15	1748
2016	12	16	1814
2016	12	17	1752
2016	12	18	1706
2016	12	19	1608
2016	12	20	1579
2016	12	21	1555
2016	12	22	1782
2016	12	23	1570
2016	12	24	1647
2016	12	25	1642
2016	12	26	1828
2016	12	27	1731
2016	12	28	1445
2016	12	29	1671
2016	12	30	1538
2016	12	31	1602
2017	1	1	1615
2017	1	2	1608
2017	1	3	1513
2017	1	4	1163
2017	1	5	1601
2017	1	6	1675
2017	1	7	1665
2017	1	8	1860
2017	1	9	1670
2017	1	10	1554
2017	1	11	1610
2017	1	12	1652
2017	1	13	1320
2017	1	14	1512
2017	1	15	1588
2017	1	16	1581
2017	1	17	1669
2017	1	18	1745
2017	1	19	1372
2017	1	20	1503
2017	1	21	1697
2017	1	22	1409
2017	1	23	1629
2017	1	24	1706
2017	1	25	1748
2017	1	26	1905
2017	1	27	3079
2017	1	28	2481
2017	1	29	1813
2017	1	30	1822
2017	1	31	1783
2017	2	1	2016
2017	2	2	1916
2017	2	3	1762
2017	2	4	1727
2017	2	5	1862
2017	2	6	1776
2017	2	7	2337
2017	2	8	1908
2017	2	9	1653
2017	2	10	1757
2017	2	11	1714
2017	2	12	1593
2017	2	13	1753
2017	2	14	1764
2017	2	15	1798
2017	2	16	1835
2017	2	17	1805
2017	2	18	1971
2017	2	19	1955
2017	2	20	2556
2017	2	21	2601
2017	2	22	2988
2017	2	23	2189
2017	2	24	2015
2017	2	25	1915
2017	2	26	1997
2017	2	27	1853
2017	2	28	2059
2017	3	1	1987
2017	3	2	1824
2017	3	3	1787
2017	3	4	1771
2017	3	5	1609
2017	3	6	1706
2017	3	7	1625
2017	3	8	1581
2017	3	9	2226
2017	3	10	2229
2017	3	11	2085
2017	3	12	1859
2017	3	13	2127
2017	3	14	1564
2017	3	15	1904
2017	3	16	1852
2017	3	17	2089
2017	3	18	2581
2017	3	19	2189
2017	3	20	2325
2017	3	21	2247
2017	3	22	2322
2017	3	23	2334
2017	3	24	3151
2017	3	25	3127
2017	3	26	3090
2017	3	27	3450
2017	3	28	4154
2017	3	29	4412
2017	3	30	4042
2017	3	31	4300
2017	4	1	4610
2017	4	2	4449
2017	4	3	3607
2017	4	4	3711
2017	4	5	3756
2017	4	6	5545
2017	4	7	7952
2017	4	8	5428
2017	4	9	3891
2017	4	10	4036
2017	4	11	4422
2017	4	12	4149
2017	4	13	5189
2017	4	14	5736
2017	4	15	6222
2017	4	16	6692
2017	4	17	7351
2017	4	18	8384
2017	4	19	9707
2017	4	20	10251
2017	4	21	10081
2017	4	22	10239
2017	4	23	9967
2017	4	24	7752
2017	4	25	7213
2017	4	26	5386
2017	4	27	4643
2017	4	28	4540
2017	4	29	4469
2017	4	30	4318
2017	5	1	4508
2017	5	2	4785
2017	5	3	3651
2017	5	4	4247
2017	5	5	5559
2017	5	6	4978
2017	5	7	5064
2017	5	8	6130
2017	5	9	6850
2017	5	10	7487
2017	5	11	7165
2017	5	12	7128
2017	5	13	7527
2017	5	14	8342
2017	5	15	8867
2017	5	16	8320
2017	5	17	8844
2017	5	18	7825
2017	5	19	6788
2017	5	20	6721
2017	5	21	8303
2017	5	22	7414
2017	5	23	7564
2017	5	24	6169
2017	5	25	6834
2017	5	26	7804
2017	5	27	10139
2017	5	28	10716
2017	5	29	11614
2017	5	30	11664
2017	5	31	10761
2017	6	1	11475
2017	6	2	8636
2017	6	3	8446
2017	6	4	11043
2017	6	5	14898
2017	6	6	16389
2017	6	7	15159
2017	6	8	14124
2017	6	9	9619
2017	6	10	8469
2017	6	11	6863
2017	6	12	7243
2017	6	13	6283
2017	6	14	6473
2017	6	15	6601
2017	6	16	6793
2017	6	17	7408
2017	6	18	8981
2017	6	19	10675
2017	6	20	12064
2017	6	21	10253
2017	6	22	11218
2017	6	23	8984
2017	6	24	8661
2017	6	25	10932
2017	6	26	14827
2017	6	27	18161
2017	6	28	19769
2017	6	29	25607
2017	6	30	24486
2017	7	1	25860
2017	7	2	26687
2017	7	3	22071
2017	7	4	22221
2017	7	5	19330
2017	7	6	18916
2017	7	7	19330
2017	7	8	22337
2017	7	9	19903
2017	7	10	21653
2017	7	11	21788
2017	7	12	24577
2017	7	13	27528
2017	7	14	34215
2017	7	15	25551
2017	7	16	23448
2017	7	17	29456
2017	7	18	35079
2017	7	19	38670
2017	7	20	27452
2017	7	21	25665
2017	7	22	24506
2017	7	23	29178
2017	7	24	30112
2017	7	25	30063
2017	7	26	31111
2017	7	27	27664
2017	7	28	26737
2017	7	29	24412
2017	7	30	32332
2017	7	31	31877
2017	8	1	42322
2017	8	2	41144
2017	8	3	48109
2017	8	4	32529
2017	8	5	27430
2017	8	6	26566
2017	8	7	27204
2017	8	8	25345
2017	8	9	25477
2017	8	10	23670
2017	8	11	22915
2017	8	12	21694
2017	8	13	21945
2017	8	14	20499
2017	8	15	19220
2017	8	16	16142
2017	8	17	17095
2017	8	18	16540
2017	8	19	16826
2017	8	20	15996
2017	8	21	13923
2017	8	22	13094
2017	8	23	12766
2017	8	24	13730
2017	8	25	14093
2017	8	26	13308
2017	8	27	12030
2017	8	28	12329
2017	8	29	11549
2017	8	30	15959
2017	8	31	14950
2017	9	1	13841
2017	9	2	17168
2017	9	3	16192
2017	9	4	12055
2017	9	5	10849
2017	9	6	9934
2017	9	7	9735
2017	9	8	10164
2017	9	9	9431
2017	9	10	8963
2017	9	11	8992
2017	9	12	8710
2017	9	13	7834
2017	9	14	7153
2017	9	15	6627
2017	9	16	6669
2017	9	17	6111
2017	9	18	6095
2017	9	19	5636
2017	9	20	5598
2017	9	21	5697
2017	9	22	6096
2017	9	23	6321
2017	9	24	18807
2017	9	25	24383
2017	9	26	12124
2017	9	27	9133
2017	9	28	8649
2017	9	29	8150
2017	9	30	-9999
2017	10	1	6669
2017	10	2	6104
2017	10	3	5841
2017	10	4	5632
2017	10	5	5396
2017	10	6	5488
2017	10	7	5230
2017	10	8	5155
2017	10	9	5013
2017	10	10	4854
2017	10	11	4662
2017	10	12	4226
2017	10	13	4183
2017	10	14	4183
2017	10	15	4051
2017	10	16	3927
2017	10	17	3904
2017	10	18	3615
2017	10	19	3741
2017	10	20	3827
2017	10	21	3738
2017	10	22	3828
2017	10	23	3753
2017	10	24	3508
2017	10	25	3353
2017	10	26	3306
2017	10	27	3167
2017	10	28	3203
2017	10	29	3332
2017	10	30	3183
2017	10	31	2789
2017	11	1	3024
2017	11	2	2973
2017	11	3	2888
2017	11	4	3035
2017	11	5	2914
2017	11	6	2868
2017	11	7	2894
2017	11	8	2909
2017	11	9	3049
2017	11	10	2805
2017	11	11	2717
2017	11	12	2717
2017	11	13	2659
2017	11	14	2536
2017	11	15	2631
2017	11	16	2119
2017	11	17	2589
2017	11	18	2456
2017	11	19	2577
2017	11	20	2484
2017	11	21	2494
2017	11	22	2436
2017	11	23	2339
2017	11	24	2321
2017	11	25	2207
2017	11	26	2502
2017	11	27	2196
2017	11	28	2174
2017	11	29	2207
2017	11	30	2360
2017	12	1	1917
2017	12	2	2025
2017	12	3	2119
2017	12	4	2068
2017	12	5	2060
2017	12	6	2093
2017	12	7	2191
2017	12	8	2107
2017	12	9	2036
2017	12	10	2010
2017	12	11	1958
2017	12	12	1766
2017	12	13	2659
2017	12	14	2358
2017	12	15	1956
2017	12	16	1955
2017	12	17	1869
2017	12	18	2036
2017	12	19	1927
2017	12	20	1996
2017	12	21	1918
2017	12	22	1990
2017	12	23	1935
2017	12	24	1976
2017	12	25	1817
2017	12	26	1689
2017	12	27	2179
2017	12	28	1531
2017	12	29	1820
2017	12	30	1865
2017	12	31	1813
2018	1	1	1720
2018	1	2	1767
2018	1	3	1723
2018	1	4	1662
2018	1	5	1476
2018	1	6	1544
2018	1	7	1768
2018	1	8	1572
2018	1	9	1650
2018	1	10	1720
2018	1	11	1623
2018	1	12	1689
2018	1	13	1686
2018	1	14	1633
2018	1	15	1663
2018	1	16	1545
2018	1	17	1564
2018	1	18	1615
2018	1	19	1511
2018	1	20	1699
2018	1	21	1555
2018	1	22	1575
2018	1	23	1541
2018	1	24	1587
2018	1	25	1655
2018	1	26	1554
2018	1	27	1513
2018	1	28	1556
2018	1	29	1459
2018	1	30	1413
2018	1	31	1628
2018	2	1	1568
2018	2	2	1449
2018	2	3	1399
2018	2	4	1454
2018	2	5	1371
2018	2	6	1368
2018	2	7	1261
2018	2	8	1334
2018	2	9	1331
2018	2	10	1407
2018	2	11	1285
2018	2	12	1226
2018	2	13	1455
2018	2	14	1669
2018	2	15	1489
2018	2	16	1354
2018	2	17	1329
2018	2	18	1438
2018	2	19	1326
2018	2	20	1223
2018	2	21	1229
2018	2	22	1369
2018	2	23	1367
2018	2	24	1407
2018	2	25	1503
2018	2	26	1844
2018	2	27	1522
2018	2	28	1665
2018	3	1	1565
2018	3	2	1345
2018	3	3	1459
2018	3	4	1503
2018	3	5	1760
2018	3	6	1850
2018	3	7	1562
2018	3	8	1602
2018	3	9	1623
2018	3	10	1559
2018	3	11	1643
2018	3	12	1380
2018	3	13	1232
2018	3	14	1570
2018	3	15	1616
2018	3	16	1557
2018	3	17	1578
2018	3	18	1432
2018	3	19	1310
2018	3	20	1385
2018	3	21	1638
2018	3	22	1578
2018	3	23	1932
2018	3	24	1731
2018	3	25	1806
2018	3	26	1451
2018	3	27	1750
2018	3	28	1760
2018	3	29	2023
2018	3	30	1895
2018	3	31	1748
2018	4	1	1805
2018	4	2	2244
2018	4	3	2442
2018	4	4	2823
2018	4	5	2275
2018	4	6	2263
2018	4	7	2161
2018	4	8	2297
2018	4	9	2317
2018	4	10	2468
2018	4	11	2456
2018	4	12	3008
2018	4	13	2860
2018	4	14	2375
2018	4	15	2437
2018	4	16	2185
2018	4	17	2137
2018	4	18	2116
2018	4	19	2277
2018	4	20	2129
2018	4	21	2690
2018	4	22	3187
2018	4	23	3174
2018	4	24	3309
2018	4	25	3717
2018	4	26	4452
2018	4	27	4128
2018	4	28	4504
2018	4	29	4153
2018	4	30	4177
2018	5	1	4462
2018	5	2	5001
2018	5	3	5713
2018	5	4	4858
2018	5	5	3851
2018	5	6	3690
2018	5	7	3774
2018	5	8	3187
2018	5	9	3964
2018	5	10	3721
2018	5	11	3162
2018	5	12	3701
2018	5	13	4627
2018	5	14	5419
2018	5	15	3816
2018	5	16	3720
2018	5	17	3925
2018	5	18	4326
2018	5	19	4535
2018	5	20	3545
2018	5	21	3437
2018	5	22	4942
2018	5	23	5914
2018	5	24	6081
2018	5	25	6177
2018	5	26	6594
2018	5	27	6771
2018	5	28	5595
2018	5	29	5166
2018	5	30	5384
2018	5	31	5756
2018	6	1	7825
2018	6	2	8237
2018	6	3	8374
2018	6	4	10816
2018	6	5	13539
2018	6	6	13925
2018	6	7	13020
2018	6	8	13147
2018	6	9	13642
2018	6	10	12977
2018	6	11	12538
2018	6	12	10966
2018	6	13	8974
2018	6	14	8649
2018	6	15	9630
2018	6	16	11222
2018	6	17	9863
2018	6	18	9054
2018	6	19	6624
2018	6	20	6041
2018	6	21	6176
2018	6	22	6004
2018	6	23	5620
2018	6	24	5720
2018	6	25	5961
2018	6	26	6569
2018	6	27	6549
2018	6	28	9027
2018	6	29	16713
2018	6	30	12948
2018	7	1	12419
2018	7	2	12621
2018	7	3	17729
2018	7	4	14600
2018	7	5	12155
2018	7	6	8610
2018	7	7	7237
2018	7	8	8461
2018	7	9	10360
2018	7	10	12592
2018	7	11	12705
2018	7	12	13790
2018	7	13	13418
2018	7	14	12851
2018	7	15	12731
2018	7	16	13673
2018	7	17	21005
2018	7	18	18287
2018	7	19	24400
2018	7	20	19589
2018	7	21	18294
2018	7	22	19493
2018	7	23	20083
2018	7	24	19871
2018	7	25	27773
2018	7	26	26220
2018	7	27	39011
2018	7	28	31283
2018	7	29	29150
2018	7	30	24627
2018	7	31	18270
2018	8	1	17323
2018	8	2	15917
2018	8	3	15029
2018	8	4	14771
2018	8	5	15881
2018	8	6	17836
2018	8	7	23929
2018	8	8	35754
2018	8	9	33463
2018	8	10	33102
2018	8	11	25377
2018	8	12	22705
2018	8	13	23531
2018	8	14	51864
2018	8	15	32500
2018	8	16	22248
2018	8	17	20490
2018	8	18	22021
2018	8	19	31849
2018	8	20	21385
2018	8	21	21975
2018	8	22	23165
2018	8	23	25070
2018	8	24	21531
2018	8	25	27660
2018	8	26	23294
2018	8	27	20080
2018	8	28	18337
2018	8	29	17636
2018	8	30	17190
2018	8	31	16949
2018	9	1	16955
2018	9	2	16614
2018	9	3	18415
2018	9	4	14955
2018	9	5	14489
2018	9	6	15255
2018	9	7	15303
2018	9	8	15201
2018	9	9	14262
2018	9	10	15458
2018	9	11	14192
2018	9	12	14402
2018	9	13	13092
2018	9	14	11427
2018	9	15	10920
2018	9	16	9152
2018	9	17	8213
2018	9	18	7294
2018	9	19	6894
2018	9	20	6683
2018	9	21	6932
2018	9	22	6402
2018	9	23	17914
2018	9	24	63134
2018	9	25	80609
2018	9	26	48723
2018	9	27	18213
2018	9	28	16319
2018	9	29	12725
2018	9	30	12642
2018	10	1	10680
2018	10	2	9536
2018	10	3	8855
2018	10	4	8821
2018	10	5	8432
2018	10	6	7878
2018	10	7	7430
2018	10	8	6767
2018	10	9	6288
2018	10	10	6278
2018	10	11	5765
2018	10	12	6026
2018	10	13	5350
2018	10	14	5373
2018	10	15	5104
2018	10	16	4962
2018	10	17	4912
2018	10	18	4562
2018	10	19	4812
2018	10	20	4500
2018	10	21	4393
2018	10	22	4195
2018	10	23	4268
2018	10	24	4035
2018	10	25	3918
2018	10	26	3852
2018	10	27	3776
2018	10	28	3838
2018	10	29	3791
2018	10	30	3499
2018	10	31	3838
2018	11	1	3362
2018	11	2	3667
2018	11	3	3588
2018	11	4	4542
2018	11	5	3780
2018	11	6	3732
2018	11	7	3615
2018	11	8	3567
2018	11	9	3791
2018	11	10	3371
2018	11	11	3441
2018	11	12	3569
2018	11	13	3552
2018	11	14	3359
2018	11	15	3200
2018	11	16	4187
2018	11	17	3423
2018	11	18	3328
2018	11	19	3359
2018	11	20	3037
2018	11	21	3042
2018	11	22	3024
2018	11	23	3002
2018	11	24	2885
2018	11	25	2874
2018	11	26	2853
2018	11	27	2972
2018	11	28	2894
2018	11	29	2549
2018	11	30	2856
2018	12	1	2587
2018	12	2	2566
2018	12	3	2510
2018	12	4	2506
2018	12	5	2534
2018	12	6	2548
2018	12	7	2460
2018	12	8	2295
2018	12	9	2673
2018	12	10	2414
2018	12	11	2281
2018	12	12	2425
2018	12	13	2494
2018	12	14	2382
2018	12	15	2349
2018	12	16	2360
2018	12	17	2146
2018	12	18	2303
2018	12	19	2335
2018	12	20	2368
2018	12	21	2446
2018	12	22	2215
2018	12	23	2199
2018	12	24	2255
2018	12	25	2140
2018	12	26	2030
2018	12	27	2133
2018	12	28	2121
2018	12	29	2181
2018	12	30	1973
2018	12	31	1976
2019	1	1	2049
2019	1	2	2007
2019	1	3	2023
2019	1	4	1944
2019	1	5	2054
2019	1	6	2165
2019	1	7	2178
2019	1	8	2069
2019	1	9	1990
2019	1	10	1993
2019	1	11	1941
2019	1	12	1983
2019	1	13	1981
2019	1	14	2193
2019	1	15	1870
2019	1	16	2017
2019	1	17	1902
2019	1	18	2076
2019	1	19	1912
2019	1	20	2081
2019	1	21	1727
2019	1	22	1920
2019	1	23	2509
2019	1	24	2165
2019	1	25	2041
2019	1	26	2043
2019	1	27	1949
2019	1	28	1872
2019	1	29	1945
2019	1	30	1799
2019	1	31	2004
2019	2	1	2026
2019	2	2	2368
2019	2	3	2130
2019	2	4	2044
2019	2	5	1934
2019	2	6	2070
2019	2	7	1984
2019	2	8	2164
2019	2	9	2607
2019	2	10	2475
2019	2	11	2276
2019	2	12	2360
2019	2	13	2380
2019	2	14	2287
2019	2	15	3038
2019	2	16	4129
2019	2	17	3521
2019	2	18	2933
2019	2	19	2781
2019	2	20	3435
2019	2	21	2982
2019	2	22	6716
2019	2	23	7770
2019	2	24	5512
2019	2	25	4312
2019	2	26	3615
2019	2	27	3284
2019	2	28	3293
2019	3	1	3051
2019	3	2	2970
2019	3	3	3075
2019	3	4	3912
2019	3	5	3662
2019	3	6	3670
2019	3	7	3087
2019	3	8	3255
2019	3	9	3114
2019	3	10	2878
2019	3	11	3022