1 14
17 0.010 0.10 0.47 0.60 0.48 0.80 0.04
1 0.053 0.10 0.36 0.60 0.54 1.10 0.11
2 0.028 0.10 0.33 0.60 0.45 2.30 0.22
4 0.009 0.10 0.32 0.60 0.54 1.30 0.14
5 0.115 0.10 0.26 0.60 0.54 1.70 0.20
6 0.005 0.10 0.32 0.60 0.50 1.80 0.18
9 0.162 0.10 0.37 0.60 0.46 1.70 0.16
8 0.072 0.10 0.39 0.60 0.53 1.00 0.08
10 0.159 0.10 0.47 0.60 0.48 0.80 0.04
12 0.020 0.10 0.35 0.60 0.59 0.80 0.05
13 0.005 0.10 0.35 0.60 0.59 0.80 0.05
14 0.034 0.10 0.35 0.60 0.59 0.80 0.05
15 0.060 0.10 0.47 0.60 0.48 0.80 0.04
16 0.268 0.10 0.23 0.60 0.47 3.30 0.30
